/#BESTPOSA,COM1,0,70.5,FINESTEERING,1377,446372.000,00000000,4ca6,1516;SOL_COMPUTED,NARROW_INT,23.07796795888,113.37300456217,-7.9193,0.0000,WGS84,0.0074,0.0207,0.1481,"AAAA",5.000,0.000,8,5,5,5,0,0,0,0*95eb1103
//#BESTPOSA,COM1,0,72.0,FINESTEERING,1377,446373.000,00000000,4ca6,1516;SOL_COMPUTED,NARROW_INT,23.07796798848,113.37300458162,-7.9247,0.0000,WGS84,0.0076,0.0211,0.1512,"AAAA",6.000,0.000,8,5,5,5,0,0,0,0*6a766105
//#BESTPOSA,COM1,0,72.0,FINESTEERING,1377,446374.000,00000000,4ca6,1516;SOL_COMPUTED,NARROW_INT,23.07796791020,113.37300461637,-7.9058,0.0000,WGS84,0.0110,0.0345,0.2141,"AAAA",7.000,0.000,8,5,5,5,0,0,0,0*50de6669
//#BESTPOSA,COM1,0,72.0,FINESTEERING,1377,446375.000,00000000,4ca6,1516;SOL_COMPUTED,NARROW_INT,23.07796777373,113.37300463723,-7.9238,0.0000,WGS84,0.0117,0.0371,0.2260,"AAAA",8.000,0.000,8,5,5,5,0,0,0,0*a7fc7d06
//#BESTPOSA,COM1,0,72.0,FINESTEERING,1377,446376.000,00000000,4ca6,1516;SOL_COMPUTED,NARROW_INT,23.07796771695,113.37300466711,-7.9264,0.0000,WGS84,0.0124,0.0397,0.2380,"AAAA",9.000,0.000,8,5,5,5,0,0,0,0*7c5e8034
//#BESTPOSA,COM1,0,73.5,FINESTEERING,1377,446377.000,00000000,4ca6,1516;SOL_COMPUTED,NARROW_INT,23.07796756760,113.37300470726,-7.9266,0.0000,WGS84,0.0132,0.0424,0.2501,"AAAA",10.000,0.000,8,5,5,5,0,0,0,0*49d514ef
//#BESTPOSA,COM1,0,70.0,FINESTEERING,1377,446378.000,00000000,4ca6,1516;SOL_COMPUTED,NARROW_INT,23.07796750754,113.37300481011,-7.9191,0.0000,WGS84,0.0140,0.0452,0.2622,"AAAA",11.000,0.000,8,5,5,5,0,0,0,0*764bf535

//#BESTPOSA,COM1,0,68.5,FINESTEERING,1377,445012.000,00000000,4ca6,1516;SOL_COMPUTED,NARROW_INT,23.07796808431,113.37300666468,-7.6137,0.0000,WGS84,0.0094,0.0099,0.0345,"AAAA",1.000,0.000,8,6,6,5,0,0,0,0*7dc74b2b
//#BESTPOSA,COM1,0,69.0,FINESTEERING,1377,445013.000,00000000,4ca6,1516;SOL_COMPUTED,NARROW_INT,23.07796799085,113.37300661066,-7.6303,0.0000,WGS84,0.0105,0.0111,0.0271,"AAAA",1.000,0.000,8,6,6,5,0,0,0,0*f90bbc99
//#BESTPOSA,COM1,0,67.0,FINESTEERING,1377,445014.000,00000000,4ca6,1516;SOL_COMPUTED,NARROW_INT,23.07796801035,113.37300662572,-7.6338,0.0000,WGS84,0.0105,0.0112,0.0272,"AAAA",1.000,0.000,8,6,6,5,0,0,0,0*d1e6ad1f
//#BESTPOSA,COM1,0,67.0,FINESTEERING,1377,445015.000,00000000,4ca6,1516;SOL_COMPUTED,NARROW_INT,23.07796807120,113.37300660869,-7.6273,0.0000,WGS84,0.0105,0.0111,0.0271,"AAAA",1.000,0.000,8,6,6,5,0,0,0,0*6cd454de

//#BESTPOSA,COM1,0,73.0,FINESTEERING,1371,438346.000,00000000,4ca6,1516;SOL_COMPUTED,SINGLE,31.13689844915,121.44975721280,13.2487,0.0000,WGS84,8.9388,7.8216,31.2539,"",0.000,0.000,4,4,0,0,0,0,0,0*555dfdd5
//#BESTPOSA,COM1,0,64.5,FINESTEERING,1290,531424.000,00000000,4ca6,1516;SOL_COMPUTED,L1_FLOAT,28.76439403968,111.20969634036,162.8240,0.0000,WGS84,1.3091,2.5512,2.5049,"AAAA",1.000,0.000,5,4,4,0,0,0,0,0*61c80d8a
//#BESTPOSA,COM1,0,69.5,FINESTEERING,1503,108962.000,00000000,6145,3311;SOL_COMPUTED,PSRDIFF,31.13690299773,121.44970825311,38.4950,0.0000,WGS84,4.0069,1.2005,7.4}
//1234567890123456789012345678901234567890123456789012345678901234567890123456789012345678901234567890123456789012345678901234567890123456789012345678901234567890
//0        1         2         3         4         5         6         7         8         9         10        11        12

//#BESTPOSA,COM1,0,86.0,COARSESTEERING,1372,105842.000,00480000,4ca6,1516;INSUFFICIENT_OBS,NONE,0.00000000000,0.00000000000,-6378037.0000,0.0000,WGS84,0.0000,0.0000,0.0000,"",0.000,0.000,1,1,0,0,0,0,0,0*d35f69b3

//#BESTPOSA,COM1,0,87.0,UNKNOWN,0,10.000,004c0000,4ca6,1516;INSUFFICIENT_OBS,NONE,0.00000000000,0.00000000000,-6378037.0000,0.0000,WGS84,0.0000,0.0000,0.0000,"",0.000,0.000,0,0,0,0,0,0,0,0*ec5673b2
//#BESTPOSA,COM1,0,49.0,FREEWHEELING,1371,458735.000,00480000,4ca6,1516;INSUFFICIENT_OBS,NONE,31.13697131527,121.44971024493,35.5827,0.0000,WGS84,5.5445,4.0804,10.3314,"",0.000,0.000,3,3,0,0,0,0,0,0*6de823f9

//#BESTPOSA,COM1,0,68.5,FINESTEERING,1291,4944.000,00080000,4ca6,1516;SOL_COMPUTED,SINGLE,28.76005768751,111.20868436283,71.6110,0.0000,WGS84,9.2084,9.1303,17.6220,"",0.000,0.000,5,4,0,0,0,0,0,0*c775c9f9
//#BESTPOSA,COM1,0,67.5,FINESTEERING,1291,4945.000,00080000,4ca6,1516;COV_TRACE,SINGLE,28.76008171385,111.20868647587,68.4637,0.0000,WGS84,8.7613,9.6656,18.4637,"",0.000,0.600,6,4,0,0,0,0,0,0*99daaba9
//#BESTPOSA,COM1,0,71.0,FINESTEERING,1291,5626.000,00000000,4ca6,1516;SOL_COMPUTED,SINGLE,28.75996544453,111.20830847314,119.6452,0.0000,WGS84,11.0165,14.8874,14.3590,"",0.000,0.000,4,4,0,0,0,0,0,0*18fb932b

//#BESTPOSA,COM1,0,67.5,FINESTEERING,1290,531426.000,00080000,4ca6,1516;INSUFFICIENT_OBS,SINGLE,28.76445152398,111.21020170560,30.5500,0.0000,WGS84,3.4705,5.8071,7.5868,"",0.000,1.000,3,3,0,0,0,0,0,0*4d996a1f
//#BESTPOSA,COM1,0,70.0,FINESTEERING,1290,531192.000,00000000,4ca6,1516;SOL_COMPUTED,L1_FLOAT,28.76181355419,111.21013806319,162.2944,0.0000,WGS84,0.5261,0.6211,1.3529,"AAAA",1.000,0.000,6,5,5,0,0,0,0,0*00db689f
//#BESTPOSA,COM1,0,79.5,FINESTEERING,1290,530066.000,00400000,4ca6,1516;SOL_COMPUTED,SINGLE,28.75884971636,111.20834250511,16.9797,0.0000,WGS84,4.0062,8.4062,12.9451,"",0.000,0.000,4,4,0,0,0,0,0,0*a98c8bdd
//#BESTPOSA,COM1,0,69.5,FINESTEERING,1290,280371.000,00000000,4ca6,1516;SOL_COMPUTED,L1_INT,28.75729718901,111.20891595312,150.4014,0.0000,WGS84,0.0366,0.0592,0.0884,"AAAA",1.000,0.000,5,4,4,0,0,0,0,0*d22a4171
//#BESTPOSA,COM1,0,78.0,FINESTEERING,1282,456603.000,00000000,4ca6,1516;SOL_COMPUTED,NARROW_INT,31.13692587779,121.44973300314,43.5790,0.0000,WGS84,0.0160,0.0160,0.0282,"AAAA",1.000,0.000,7,7,7,5,0,0,0,0*e7802565
//#BESTPOSA,COM1,0,82.0,FINESTEERING,1290,138193.000,00000000,4ca6,1516;SOL_COMPUTED,NARROW_FLOAT,28.76232382428,111.21699872725,39.5439,0.0000,WGS84,
// #BESTPOSA,COM1,0,78.5,FINESTEERING,1506,116759.000,00000000,6145,3311;SOL_COMPUTED,NARROW_INT,36.07708606391,101.23630611108,2215.5059,0.0000,WGS84,0.0166,0.0122,0.0220,"9888",1.000,0.000,6,6,6,5,0,01,0,03*ed23fa68
//1234567890123456789012345678901234567890123456789012345678901234567890123456789012345678901234567890123456789012345678901234567890123456789012345678901234567890
//0        1         2         3         4         5         6         7         8         9         10        11        12

{

#BESTPOSA,COM1,0,69.0,FINESTEERING,1291,7176.000,00080000,4ca6,1516;INTEGRITY_WARNING,SINGLE,28.75975886218,111.20852000710,35.1426,0.0000,WGS84,2.2709,5.4963,9.3003,"",0.000,0.000,5,5,0,0,0,0,0,0*d7fc2e37
$GPGSV,3,1,11,22,73,157,49,30,54,097,40,14,54,354,39,25,37,256,*77
$GPGSV,3,2,11,18,36,146,43,05,34,056,30,15,21,209,,01,06,293,*71
$GPGSV,3,3,11,09,03,050,,06,02,136,,11,00,309,*4C
#BESTPOSA,COM1,0,69.0,FINESTEERING,1291,7177.000,00080000,4ca6,1516;INTEGRITY_WARNING,SINGLE,28.75975954849,111.20852219117,35.2214,0.0000,WGS84,2.2634,5.4867,9.2978,"",0.000,0.000,5,5,0,0,0,0,0,0*a638513f
#BESTPOSA,COM1,0,69.0,FINESTEERING,1291,7178.000,00080000,4ca6,1516;INTEGRITY_WARNING,SINGLE,28.75976135439,111.20852551220,35.1545,0.0000,WGS84,2.2690,5.4969,9.2981,"",0.000,0.000,5,5,0,0,0,0,0,0*fee08415
$GPGSV,3,1,11,22,73,157,49,30,54,097,40,14,54,354,38,25,37,256,*76
$GPGSV,3,2,11,18,36,146,43,05,34,056,30,15,21,209,,01,06,293,*71
$GPGSV,3,3,11,09,03,050,,06,02,136,,11,00,309,*4C
#BESTPOSA,COM1,0,68.0,FINESTEERING,1291,7179.000,00080000,4ca6,1516;SOL_COMPUTED,SINGLE,28.75974554702,111.20863212819,43.8136,0.0000,WGS84,2.4528,5.7260,10.0027,"",0.000,0.000,5,5,0,0,0,0,0,0*92e39844
#BESTPOSA,COM1,0,68.0,FINESTEERING,1291,7180.000,00000000,4ca6,1516;SOL_COMPUTED,NARROW_FLOAT,28.75979451272,111.20818387930,166.1770,0.0000,WGS84,0.5026,0.9731,1.4438,"AAAA",1.000,0.000,5,4,4,3,0,0,0,0*13ed708c
$GPGSV,3,1,11,22,73,157,48,30,54,097,40,14,54,354,40,25,37,256,*78
$GPGSV,3,2,11,18,36,146,43,05,34,056,30,15,21,209,,01,06,293,*71
$GPGSV,3,3,11,09,03,050,,06,02,136,,11,00,309,*4C
#BESTPOSA,COM1,0,61.5,FINESTEERING,1291,7181.000,00000000,4ca6,1516;SOL_COMPUTED,NARROW_FLOAT,28.75979449733,111.20818381803,166.1781,0.0000,WGS84,0.5026,0.9731,1.4438,"AAAA",1.000,0.000,5,4,4,3,0,0,0,0*4ea86920
#BESTPOSA,COM1,0,61.5,FINESTEERING,1291,7182.000,00000000,4ca6,1516;SOL_COMPUTED,NARROW_FLOAT,28.75979438298,111.20818392446,166.1936,0.0000,WGS84,0.5026,0.9731,1.4438,"AAAA",1.000,0.000,5,4,4,3,0,0,0,0*fe3dd5a6
$GPGSV,3,1,11,22,73,157,48,30,54,097,40,14,54,354,39,25,37,256,*76
$GPGSV,3,2,11,18,36,146,43,05,34,056,30,15,21,209,,01,06,293,*71
$GPGSV,3,3,11,09,03,050,,06,02,136,,11,00,309,*4C
#BESTPOSA,COM1,0,71.0,FINESTEERING,1291,7183.000,00000000,4ca6,1516;SOL_COMPUTED,NARROW_FLOAT,28.75979416347,111.20818441486,166.2624,0.0000,WGS84,0.4995,0.9628,1.4364,"AAAA",1.000,0.000,5,4,4,3,0,0,0,0*53c265d0
#BESTPOSA,COM1,0,71.5,FINESTEERING,1291,7184.000,00000000,4ca6,1516;SOL_COMPUTED,NARROW_FLOAT,28.75979405131,111.20818452709,166.2452,0.0000,WGS84,0.5017,0.9673,1.4430,"AAAA",1.000,0.000,5,4,4,4,0,0,0,0*45786bca
$GPGSV,3,1,11,22,73,157,49,30,54,097,40,14,54,354,38,25,37,256,*76
$GPGSV,3,2,11,18,36,146,42,05,34,056,30,15,21,209,,01,06,293,*70
$GPGSV,3,3,11,09,03,050,,06,02,136,,11,00,309,*4C
#BESTPOSA,COM1,0,69.0,FINESTEERING,1291,7185.000,00000000,4ca6,1516;SOL_COMPUTED,NARROW_FLOAT,28.75979427290,111.20818431381,166.2486,0.0000,WGS84,0.5017,0.9673,1.4430,"AAAA",1.000,0.000,5,4,4,4,0,0,0,0*6b95157f
#BESTPOSA,COM1,0,69.0,FINESTEERING,1291,7186.000,00000000,4ca6,1516;SOL_COMPUTED,NARROW_FLOAT,28.75979408319,111.20818447400,166.2685,0.0000,WGS84,0.5017,0.9673,1.4430,"AAAA",1.000,0.000,5,4,4,4,0,0,0,0*21a8ea64


$GPGSV,3,1,10,22,85,123,43,30,50,117,33,14,50,336,32,18,47,138,32*77
$GPGSV,3,2,10,05,39,069,,15,30,218,,25,29,245,,09,12,045,*71
$GPGSV,3,3,10,21,05,177,,01,00,284,*70
#BESTPOSA,COM1,0,72.5,FINESTEERING,1291,5627.000,00000000,4ca6,1516;SOL_COMPUTED,SINGLE,28.76000577871,111.20836517230,123.2367,0.0000,WGS84,10.6476,14.5174,14.0049,"",0.000,0.000,4,4,0,0,0,0,0,0*a48a63dc
#BESTPOSA,COM1,0,69.0,FINESTEERING,1291,5628.000,00000000,4ca6,1516;SOL_COMPUTED,SINGLE,28.76005811743,111.20844761542,129.5259,0.0000,WGS84,10.5056,14.3161,13.8618,"",0.000,0.000,4,4,0,0,0,0,0,0*14a12f87
$GPGSV,3,1,10,22,85,124,42,30,50,117,34,14,50,336,33,18,47,138,33*76
$GPGSV,3,2,10,05,39,069,,15,30,218,,25,29,245,,09,12,045,*71
$GPGSV,3,3,10,21,05,177,,01,00,284,*70
#BESTPOSA,COM1,0,68.0,FINESTEERING,1291,5629.000,00000000,4ca6,1516;SOL_COMPUTED,SINGLE,28.76009757162,111.20851365415,133.3142,0.0000,WGS84,10.3131,14.1465,13.6795,"",0.000,0.000,4,4,0,0,0,0,0,0*2e7352aa
#BESTPOSA,COM1,0,68.0,FINESTEERING,1291,5630.000,00000000,4ca6,1516;SOL_COMPUTED,SINGLE,28.76010018660,111.20852475414,133.4159,0.0000,WGS84,10.3019,14.1047,13.6605,"",0.000,0.000,4,4,0,0,0,0,0,0*e651c2b5
$GPGSV,3,1,10,22,85,124,42,30,50,117,34,14,50,336,33,18,47,138,33*76
$GPGSV,3,2,10,05,39,069,,15,30,218,,25,29,245,,09,12,045,*71
$GPGSV,3,3,10,21,05,177,,01,00,284,*70
#BESTPOSA,COM1,0,68.0,FINESTEERING,1291,5631.000,00000000,4ca6,1516;SOL_COMPUTED,SINGLE,28.76004780168,111.20846434110,126.5180,0.0000,WGS84,10.1123,13.9211,13.4533,"",0.000,0.000,4,4,0,0,0,0,0,0*1667b500
#BESTPOSA,COM1,0,68.0,FINESTEERING,1291,5632.000,00000000,4ca6,1516;SOL_COMPUTED,SINGLE,28.76004861738,111.20847744576,125.6301,0.0000,WGS84,10.0837,13.8576,13.4835,"",0.000,0.000,4,4,0,0,0,0,0,0*ec56d413
                                                                                 SINGLE,31.13692031449,121.44970167273

#BESTPOSA,COM1,0,66.5,FINESTEERING,1291,4943.000,00080000,4ca6,1516;INSUFFICIENT_OBS,SINGLE,28.75994065337,111.20852007178,29.6355,0.0000,WGS84,9.1693,8.6478,15.1264,"",0.000,0.400,4,3,0,0,0,0,0,0*c616081e
#BESTPOSA,COM1,0,68.5,FINESTEERING,1291,4944.000,00080000,4ca6,1516;SOL_COMPUTED,SINGLE,28.76005768751,111.20868436283,71.6110,0.0000,WGS84,9.2084,9.1303,17.6220,"",0.000,0.000,5,4,0,0,0,0,0,0*c775c9f9
$GPGSV,3,1,09,22,86,027,32,18,52,133,31,14,48,329,45,30,47,125,35*75
$GPGSV,3,2,09,05,41,076,,15,34,222,,25,25,240,,09,16,044,33*79
$GPGSV,3,3,09,21,09,179,*45
#BESTPOSA,COM1,0,67.5,FINESTEERING,1291,4945.000,00080000,4ca6,1516;COV_TRACE,SINGLE,28.76008171385,111.20868647587,68.4637,0.0000,WGS84,8.7613,9.6656,18.4637,"",0.000,0.600,6,4,0,0,0,0,0,0*99daaba9
#BESTPOSA,COM1,0,67.5,FINESTEERING,1291,4946.000,00080000,4ca6,1516;SOL_COMPUTED,SINGLE,28.75996076269,111.20855593980,36.1535,0.0000,WGS84,8.9768,10.0928,19.7524,"",0.000,0.000,5,5,0,0,0,0,0,0*35b7e03c

$GPGSV,3,1,09,14,58,080,43,25,55,316,,16,33,205,,01,33,321,33*77
$GPGSV,3,2,09,30,32,044,46,22,26,168,41,06,21,099,43,20,12,319,*77
$GPGSV,3,3,09,05,02,039,*4D
#BESTPOSA,COM1,0,64.5,FINESTEERING,1290,531425.000,00000000,4ca6,1516;SOL_COMPUTED,L1_FLOAT,28.76442504469,111.20969869681,162.9027,0.0000,WGS84,1.3091,2.5512,2.5049,"AAAA",2.000,0.000,4,4,4,0,0,0,0,0*a1c0550b
#BESTPOSA,COM1,0,67.5,FINESTEERING,1290,531426.000,00080000,4ca6,1516;INSUFFICIENT_OBS,SINGLE,28.76445152398,111.21020170560,30.5500,0.0000,WGS84,3.4705,5.8071,7.5868,"",0.000,1.000,3,3,0,0,0,0,0,0*4d996a1f
$GPGSV,3,1,09,14,58,080,,25,55,316,30,16,33,205,,01,33,321,31*71
$GPGSV,3,2,09,30,32,044,38,22,26,168,,06,21,099,,20,12,319,*7C
$GPGSV,3,3,09,05,02,039,*4D
#BESTPOSA,COM1,0,69.5,FINESTEERING,1290,531427.000,00080000,4ca6,1516;INSUFFICIENT_OBS,SINGLE,28.76445152398,111.21020170560,30.5500,0.0000,WGS84,3.4705,5.8071,7.5868,"",0.000,2.000,2,0,0,0,0,0,0,0*ca2c836d
#BESTPOSA,COM1,0,71.5,FINESTEERING,1290,531428.000,00080000,4ca6,1516;INSUFFICIENT_OBS,SINGLE,28.76445152398,111.21020170560,30.5500,0.0000,WGS84,3.4705,5.8071,7.5868,"",0.000,3.000,1,0,0,0,0,0,0,0*d01e7b66
$GPGSV,3,1,09,14,58,080,,25,55,316,,16,33,205,,01,33,321,*70
$GPGSV,3,2,09,30,32,044,,22,26,168,,06,21,099,28,20,12,319,*7D
$GPGSV,3,3,09,05,02,039,*4D
#BESTPOSA,COM1,0,72.0,FINESTEERING,1290,531429.000,00080000,4ca6,1516;INSUFFICIENT_OBS,SINGLE,28.76445152398,111.21020170560,30.5500,0.0000,WGS84,3.4705,5.8071,7.5868,"",0.000,4.000,4,2,0,0,0,0,0,0*26c9a165
#BESTPOSA,COM1,0,70.0,FINESTEERING,1290,531430.000,00080000,4ca6,1516;SOL_COMPUTED,SINGLE,28.76460572532,111.21029741201,38.5442,0.0000,WGS84,5.2197,4.8247,12.3300,"",0.000,0.000,4,4,0,0,0,0,0,0*c1993bd4
$GPGSV,3,1,09,14,58,080,32,25,55,316,32,16,33,205,,01,33,321,*70
$GPGSV,3,2,09,30,32,044,,22,26,168,37,06,21,099,37,20,12,319,*77
$GPGSV,3,3,09,05,02,039,*4D
#BESTPOSA,COM1,0,70.0,FINESTEERING,1290,531431.000,00080000,4ca6,1516;INSUFFICIENT_OBS,SINGLE,28.76460572532,111.21029741201,38.5442,0.0000,WGS84,5.2197,4.8247,12.3300,"",0.000,1.000,2,2,0,0,0,0,0,0*d4cae0ce#BESTPOSA,COM1,0,71.0,FINESTEERING,1502,458660.000,00000000,6145,3311;SOL_COMPUTED,SINGLE,31.13692031449,121.44970167273,33.0586,0.0000,WGS84,3.2611,2.1001,3.96

{
127,"9888",1.000,0.000,8,7,0,0,0,06,0,03*b5d2bd34
$GPZDA,061549.00,27,10,2008,,*67
$GPGSA,M,3,08,32,27,20,07,11,25,,,,,,7.5,3.6,6.5*34
$GPGGA,061549.00,3108.2142,N,12126.9825,E,2,07,3.6,38.45,M,0.00,M,01,9888*67
#BESTPOSA,COM1,0,69.5,FINESTEERING,1503,108963.000,00000000,6145,3311;SOL_COMPUT
ED,PSRDIFF,31.13690300980,121.44970815006,38.4528,0.0000,WGS84,4.0075,1.2011,7.4
169,"9888",1.000,0.000,8,7,0,0,0,06,0,03*a0271ff0
$GPZDA,061550.00,27,10,2008,,*6F
#BESTPOSA,COM1,0,76.0,FINESTEERING,1503,108964.000,00000000,6145,3311;SOL_COMPUT
ED,PSRDIFF,31.13690368958,121.44970833886,38.4229,0.0000,WGS84,4.0082,1.2011,7.4
183,"9888",1.000,0.000,8,7,0,0,0,06,0,03*38fcef2e
$GPZDA,061551.00,27,10,2008,,*6E

$GPZDA,072406.00,24,10,2008,,*6C
#BESTPOSA,COM1,0,71.0,FINESTEERING,1502,458660.000,00000000,6145,3311;SOL_COMPUT
ED,SINGLE,31.13692031449,121.44970167273,33.0586,0.0000,WGS84,3.2611,2.1001,3.96
42,"",0.000,0.000,9,7,0,0,0,06,0,03*ce7c6054
$GPZDA,072407.00,24,10,2008,,*6D
